order,name,description
1,Authors and Scholars,Scholars of Judaism and authors of texts related to Judaism

